0 0.232083 0.586875 0.0491667 0.05
0 0.237083 0.610625 0.0575 0.08625
60 0.406667 0.837188 0.38 0.309375
0 0.33125 0.60875 0.0491667 0.0525
0 0.02125 0.628438 0.0408333 0.073125
56 0.352917 0.685 0.0608333 0.03375
56 0.562083 0.817813 0.190833 0.181875
24 0.724583 0.95625 0.165833 0.08625
0 0.524583 0.604062 0.0475 0.104375
0 0.407917 0.606875 0.0491667 0.09125
0 0.214167 0.636875 0.1 0.09375
56 0.299583 0.901875 0.210833 0.195
56 0.42 0.672813 0.0866667 0.039375
0 0.0979167 0.703125 0.174167 0.22875
0 0.857917 0.806562 0.284167 0.381875
